   5.2766841e-01   2.9326090e+00
   6.9972320e-01   3.0758075e-01
   5.5085035e-01  -5.6294516e-01
   6.9126567e-01   6.6803618e-01
   1.0524412e+00  -5.3529510e-01
  -2.0275045e+00  -7.3035346e-01
  -8.7083435e-01   3.9371291e-01
   1.2082200e+00   1.2520522e+00
  -7.7424453e-02   1.2629551e+00
   8.1598955e-01   4.1527086e-01
   2.0213816e+00  -1.9312324e-01
  -4.2141594e-01  -1.2079603e+00
   8.4031583e-01  -5.3404928e-01
  -2.7605097e+00  -5.9782041e-01
  -1.5766824e+00  -8.1317061e-01
   5.4368132e-01  -1.1976376e+00
  -2.0264558e+00   2.0296598e-01
  -2.4046228e-01   5.6456358e-01
   5.2819247e-01   8.7101424e-01
   1.1939276e+00   1.3999127e+00
  -9.6882958e-01   3.6895419e-01
  -1.0421518e+00  -1.2836482e+00
   4.5232382e-01  -3.0405463e-01
  -8.6217513e-01  -5.4845191e-01
   2.8407463e-01  -1.5153006e-01
  -9.1171495e-01   3.4352551e-01
  -7.9422315e-01   2.9180904e-01
  -2.5295932e+00   1.4396943e-01
  -9.1683403e-01  -1.0894511e+00
  -2.1824145e+00  -7.2155766e-02
   8.7385995e-01  -8.3550923e-01
  -6.0866715e-01  -2.7386965e-01
   1.2323040e+00   6.9476091e-01
  -1.0470247e+00   1.8565806e-01
   3.6935998e-02  -1.7232543e+00
  -6.6745845e-01   4.7430021e-01
   3.5919351e-01  -1.0310612e+00
   3.1687453e-01   4.6653977e-01
  -1.2591351e+00  -9.2040165e-01
  -3.2759925e+00  -1.0395123e+00
  -5.4126003e-01  -6.0339465e-01
  -3.8194175e-01   4.1055152e-01
   3.5898853e-01   7.3322014e-02
   1.7509071e+00  -4.7854770e-02
  -1.0073820e+00  -6.2528834e-01
   3.9091804e-01   1.3854101e+00
   6.8831075e-01  -7.1553330e-01
  -1.4465576e+00  -5.1201052e-01
   2.2555855e-01   1.6668911e+00
   3.1367195e-01  -3.0434900e-01
  -3.0994983e-02  -6.1644200e-01
   3.5678840e-01  -6.6253981e-01
   1.4981324e-01   2.6709569e+00
  -7.6431474e-01   8.7061463e-01
   9.5379978e-01  -2.7691715e-01
   1.9610739e+00   8.5451279e-01
   1.0305948e-01  -6.7560670e-01
   1.9839382e-01  -1.9439368e+00
   1.1376215e+00  -7.7065086e-01
  -1.0624237e-01   5.6268065e-01
  -4.0663573e-01   4.8372855e-01
  -6.9355195e-02   6.6361481e-01
  -5.8642254e-01  -3.6464731e-02
  -5.3550523e-01   1.0178013e+00
   5.5087932e-01   9.2664213e-03
   1.7963982e-01  -1.4143474e-01
  -4.1284664e-01   1.1928388e+00
  -1.4463282e-01  -1.4897403e-01
  -9.3894475e-01   9.7020852e-01
  -4.6700961e-01   8.8373099e-01
   7.9267951e-02   2.1900321e-01
  -4.4491087e-02   9.9690004e-01
  -1.2542624e+00   2.5850032e-02
  -1.6687863e+00   6.3464796e-01
   2.1301303e-01   6.2516282e-01
   5.7768469e-01   9.6892042e-01
  -8.0750620e-01  -6.4919619e-02
  -1.4126418e-01  -1.9867126e+00
  -1.2049873e+00   6.0974757e-01
   5.2066789e-01   1.2799934e+00
   4.2608633e-01  -1.4773088e-01
  -6.3580183e-02  -3.3872615e-01
   1.0417420e+00  -7.1834291e-01
  -5.3786583e-01  -3.3587552e-01
  -1.0025037e+00   1.2667484e+00
  -1.0173411e-01   5.7839902e-01
  -1.7304466e-01  -1.7729210e+00
  -3.3124849e-02   1.0837593e+00
   5.0745696e-01  -1.1903445e+00
   9.2169640e-01  -3.5633968e-02
   2.0072045e+00  -7.3343977e-01
   2.1529028e-01  -7.0911599e-01
  -2.7940092e-01   1.6962872e+00
  -1.0430143e+00  -2.9197619e-01
  -3.6767049e-01   8.8393744e-01
   1.8744318e+00   6.3307865e-01
  -1.1724319e+00   1.7985086e-01
   9.6424938e-01  -2.6822438e-01
  -5.3459411e-01  -1.2552137e-01
  -4.8786169e-01   2.1094280e-01
   5.0354569e-02  -8.4553837e-02
   4.6699727e-01  -1.5076727e+00
  -3.6551879e-01   3.9700461e-01
  -7.9743086e-01  -5.9190082e-01
  -1.6605155e+00   4.3046221e-01
  -1.6479619e+00  -5.5710082e-02
   4.1852420e-01   3.3615027e-01
   1.4640620e+00  -1.5390129e+00
  -1.6583866e+00   8.9039694e-01
  -8.2476854e-01   1.3067036e-01
   1.0918725e+00   1.2614596e+00
   8.9052919e-01  -3.2513299e+00
   6.7382540e-03   5.6033288e-02
   3.2849409e-01   4.4605518e-01
   1.6006593e-01  -3.2741116e-01
   2.0221729e+00  -1.2506301e-01
   2.0576298e-01  -9.1297945e-01
   1.1391346e-01   7.2181080e-01
  -3.6842233e-01  -5.2245500e-01
  -1.6993523e+00   3.7084004e-01
   5.9540422e-01   1.0194496e+00
  -1.2213296e-01  -1.1970711e+00
   9.6103754e-01   3.1624898e-01
  -2.7039398e+00  -1.6272694e-01
   1.0364897e+00   5.6333126e-01
   1.1239687e+00  -1.5475293e+00
  -2.2962212e+00   1.4857387e-01
   1.4297304e+00   2.7195032e-01
  -7.6472133e-01   2.5411616e-01
  -5.2012837e-01   6.7187342e-02
   5.1133211e-01   1.3366793e+00
  -1.1854231e+00  -1.0585440e+00
   6.8481846e-01  -6.4689463e-01
   7.1288532e-01  -2.8487830e-01
  -4.1118988e-01  -2.8470929e-01
   3.4083297e-02   1.2079175e+00
  -6.8972146e-01  -8.3515553e-01
  -3.0344133e-01  -2.3240987e+00
   1.7392330e+00   4.0275453e-01
   6.7916640e-01  -5.6100971e-01
  -2.7155579e-01   4.6248901e-01
   9.3546268e-01  -1.3393591e+00
   1.5444389e+00   1.4951158e+00
  -3.6387750e-03  -1.1486914e+00
   1.4167505e-03  -1.1482141e+00
   5.2189151e-01  -8.1199889e-01
   3.6362638e-01   1.9020436e+00
   1.9483048e+00  -1.2819816e+00
   6.2757984e-01  -1.6084458e+00
   4.3462231e-01  -1.3510418e+00
   5.0184449e-01   1.6748736e+00
   5.1654171e-01  -4.5136802e-01
  -8.7126528e-01  -1.0579287e+00
   1.5598722e+00  -2.0079875e-01
  -1.1972745e+00   1.3524218e+00
  -1.2868190e+00   6.6709039e-01
  -1.1181945e+00   1.0730107e+00
  -1.3457224e-01  -5.3027456e-01
   1.0875453e+00   1.2322707e+00
  -1.7884567e-02  -2.0977621e-01
  -7.6141170e-01  -4.6547901e-01
  -9.2079755e-01  -6.1350924e-01
  -5.1704728e-02  -1.6677864e+00
   9.4458952e-01   6.9510927e-01
  -1.2359999e+00   1.8291880e+00
   2.8860722e-03   5.5543060e-01
  -1.1791122e+00   1.3151663e+00
  -2.5223829e-01  -3.2075813e-01
  -9.5332926e-01   1.7712034e-01
   2.7585740e-01   2.0744905e-01
  -8.6110333e-03   8.6321019e-01
  -4.9596902e-01  -2.5983848e+00
  -9.1912717e-01   9.3961959e-01
  -7.0733277e-01  -7.2180696e-02
   9.5812463e-01  -4.3193780e-01
  -8.6918909e-01   2.3231832e-01
  -9.1182367e-01  -5.5221756e-01
   3.8956778e-02   1.1360756e+00
   4.3490752e-01   4.0981906e-01
  -1.6676047e-01   4.6728938e-01
   2.8133509e-01   5.3230742e-01
   2.8215151e-01   6.1417833e-01
   1.3562241e+00   1.1306008e+00
  -2.3025196e+00   1.1138030e+00
   7.7461360e-01   1.4735400e+00
   2.1113618e-01  -2.4939391e+00
   1.7055621e-01   8.4371654e-01
   1.1421136e+00  -1.0596216e+00
  -6.6503015e-01  -9.1665503e-01
  -5.9407791e-01   7.9659650e-01
  -2.0900823e+00  -1.3962601e+00
   9.7340865e-02   6.7064763e-01
   1.6660047e+00   1.0626229e+00
   2.9535104e-01   1.1935277e+00
   2.5323674e-01   1.2152627e+00
   4.1022925e-01   1.1280523e+00
  -2.0811843e+00  -5.6646547e-01
   7.2817570e-01   1.0878532e+00
  -1.6712869e+00   7.3866233e-01
  -5.1260776e-01  -1.0828713e+00
   4.1996519e-01  -2.9618520e-01
  -3.4031565e-01  -1.9301805e+00
   2.4664701e-01  -5.1974053e-02
  -2.1094513e+00  -1.6756129e-01
   1.8049248e+00  -5.2392298e-01
  -1.2892179e-01   2.5489693e-01
   4.7629726e-01   1.3302595e+00
  -5.1835850e-01   4.3101294e-01
   4.4631966e-01  -6.9698609e-01
  -4.8703306e-01  -1.5400489e+00
  -5.7984340e-01  -2.8914149e-02
  -2.4828378e-01   1.2452273e+00
   1.4470692e+00  -3.6724793e-01
  -1.0522925e+00   2.8570927e-01
  -1.0444328e+00  -4.4550302e-01
  -1.1982521e-01  -1.0420482e+00
  -3.8420808e-01  -4.5039769e-01
  -1.2314748e+00  -4.4118056e-01
  -8.9202420e-02   7.4133751e-01
   3.4947171e-01   8.3199579e-01
  -7.5414019e-01  -4.8566812e-01
  -1.5711658e+00  -3.1437023e-01
  -5.2014736e-01   6.2980941e-01
   1.6072252e+00  -1.5492487e+00
  -1.9545486e+00   3.5960393e-01
  -4.7832013e-01   1.2676500e+00
   3.0146372e-01   6.4657037e-01
  -7.3144078e-01  -7.2017079e-01
  -6.8319201e-01   1.0154668e+00
  -1.0893341e+00   1.3261295e-01
  -3.5165464e-02  -1.3466686e-01
   1.5579040e+00   1.3432452e+00
  -8.6007095e-01   7.8680024e-02
  -4.1392649e-01   5.9840991e-01
  -7.5345242e-01  -2.0548432e-01
   4.7404064e-02  -9.0433186e-01
   2.0519283e-02  -2.2664286e-01
   1.7944925e-01  -1.3734051e+00
  -5.3191072e-01   2.3279015e-01
   3.8576663e-01  -4.4419136e-01
   1.1027517e+00  -1.3698510e+00
  -1.9452310e-01  -1.4226681e+00
  -5.4310372e-02  -1.1358005e-01
   8.3795392e-01   1.8738382e+00
   1.2700290e-01  -1.1252287e+00
   5.9791286e-01  -2.5417648e+00
  -4.0428915e-01  -9.7897273e-02
  -6.1734344e-03  -2.4517873e-01
  -2.6319122e-01   5.7806074e-02
   1.3454964e+00  -3.7509989e-01
  -1.8215523e-02   7.3259475e-01
   5.7437146e-01  -3.5200850e-01
   3.0946507e-01   9.2480963e-01
  -7.7805819e-01   2.1030889e-02
  -2.6161926e-01  -9.6527706e-01
   4.0104992e-01   1.7369386e+00
  -9.1272190e-01   1.5858557e+00
  -1.9496014e-01  -4.0549468e-02
   2.1334217e+00   7.5757955e-02
   1.5630315e+00   1.4684929e+00
  -1.4994504e+00  -1.8009148e-02
   4.6385962e-01   9.4803152e-01
  -1.3872652e-01  -3.5462093e-01
  -1.0386816e-01   1.7729127e-01
   6.0461779e-01   1.7446041e+00
   7.1045724e-01  -6.7254975e-01
   1.3127098e+00   1.0185610e+00
  -1.9420126e+00  -1.4376091e+00
   4.9754750e-01   2.8982974e-01
  -7.6518493e-01   8.9127303e-01
   1.0278640e+00  -1.2134282e-02
   1.8787780e-01  -8.0431030e-01
   3.6805755e-01   4.2951201e-01
   1.8029344e-01   8.7834044e-01
  -2.8099170e-01  -7.3689690e-01
   1.6599762e+00  -2.6648583e-01
  -1.6033393e+00  -8.4291277e-01
   1.0417085e+00  -1.2775437e+00
   9.2640136e-01  -1.0165731e+00
  -2.1851065e+00  -6.1645096e-01
  -1.9241243e+00  -1.7875404e-01
   1.5226569e+00  -1.5474813e+00
   6.1842504e-01  -1.2122911e-02
  -8.1342281e-01  -9.2778880e-01
  -3.7808969e-01  -3.2709409e-01
   5.3765191e-01  -1.7792847e+00
   1.0465678e+00   1.1224282e+00
  -4.9205908e-01  -1.2162247e-01
   1.0992840e-01   6.0424212e-01
  -1.5751982e+00  -8.4998564e-01
   7.5119600e-01   1.3018353e+00
  -2.3373458e-01   7.9954777e-01
   7.1766051e-01   5.8021021e-01
  -1.6993297e-01   6.5516782e-02
   6.4941826e-01  -8.0248553e-01
  -1.7300851e+00  -8.8697354e-01
   2.3345762e-01  -1.4561943e+00
   1.3101546e+00   7.0709186e-01
   2.0236829e-01   1.2645985e-01
  -3.3648489e-02  -9.0585703e-02
  -7.5540458e-01   1.3524251e+00
   4.0825306e-01  -4.3216528e-01
   6.4965950e-01   1.8478780e+00
   4.1779529e-01  -1.2971714e-02
  -1.2660418e+00   1.1829352e+00
   2.0287227e-01  -1.4716277e+00
   6.5335868e-01  -2.0575981e+00
   1.1301357e+00   3.4005713e-01
  -3.0259401e+00   1.2898943e+00
  -1.3742277e+00  -7.6564900e-01
   2.7215823e+00  -2.6693354e+00
  -4.5521081e-01   2.2627679e-01
   9.6608891e-01   1.2448137e+00
  -9.6198240e-01   6.0396831e-01
  -4.4756260e-01  -6.8933148e-01
   1.1704040e+00   8.3868044e-01
  -1.0221274e+00   2.5374238e+00
  -9.1869718e-01  -4.0600279e-01
  -1.5305655e+00   8.6059150e-01
   4.6910816e-01  -1.2326404e+00
   7.1477644e-01   1.1231158e-01
   1.2437242e+00  -5.4671759e-01
   1.1019463e+00   4.0068371e-01
  -8.7181761e-01   1.2425674e+00
  -2.1261758e+00  -6.5244640e-01
   2.0595737e+00   1.2873572e+00
  -6.3412972e-01  -1.4089183e+00
   3.8246588e-01  -1.7837325e+00
  -1.1548992e+00   8.9625119e-02
  -2.9933211e-01   3.4786876e-01
  -3.6454296e-01  -2.4340585e-01
   6.6000280e-01   8.1336268e-01
  -7.3860117e-01   7.5726602e-01
  -4.6368654e-01   5.7494957e-01
   1.6656663e+00   7.9178583e-01
   6.0541946e-01  -1.1853262e+00
   4.3534471e-01  -2.2047540e+00
   1.5913087e+00   2.0997113e-01
  -7.1877035e-01   5.3562362e-01
  -3.9668778e-01  -1.0980332e+00
   4.5865580e-01   8.2615050e-01
  -6.6225159e-01  -1.8303591e+00
   1.2474764e+00  -2.8244197e-01
   7.6951198e-01   1.7664782e-02
   7.6364608e-01  -1.2143086e+00
  -3.9328019e-01  -9.2826071e-01
   1.3595969e+00  -7.2120423e-01
  -4.2841172e-01   1.2146961e+00
  -5.3560658e-01  -3.3990466e-02
  -1.8183273e-01  -6.4430873e-01
  -1.4308725e+00   1.2192883e+00
   6.1628932e-01  -1.2949634e+00
   1.8653221e+00   3.9229801e-01
  -2.1745719e-01  -4.2870863e-01
  -6.1501202e-02  -1.1064464e+00
  -6.7172035e-01  -1.6816480e-01
  -1.5407254e+00   9.8144632e-01
   3.8593188e-01   6.2657520e-01
  -1.3257689e+00   9.6157498e-01
   1.1746918e+00   7.8825566e-01
   8.2691421e-01  -9.3489485e-02
   1.1577711e+00   1.3369468e+00
  -1.7685438e+00  -1.0248813e+00
  -6.9423126e-01   1.0014083e-01
  -1.2446393e+00  -1.1241904e-01
   1.6520384e-02  -3.7399120e-01
  -1.5039445e-01   2.1922363e+00
  -8.1039660e-01  -1.2966291e+00
   2.0220052e+00   8.4835890e-01
   1.1966438e+00  -4.7062982e-01
   6.5460631e-01  -1.6029271e-01
  -1.0707938e+00   7.4288850e-01
  -8.0497540e-01  -5.3698500e-01
   4.6144999e-01   6.6782953e-01
  -3.5371035e-03  -2.8992658e+00
  -1.5600474e+00  -1.0957611e+00
  -1.6249107e-01  -6.3584786e-02
  -2.9208641e-01  -1.6670152e+00
  -5.1631010e-01  -4.6873435e-01
  -6.9325794e-01   8.1807132e-01
  -2.1998339e-01  -5.8344621e-01
   2.4014454e+00   1.0727836e+00
  -6.5778993e-01  -8.1679984e-02
   4.1729013e-01   1.0870407e+00
  -7.3403762e-01  -2.7652014e-01
   4.6628079e-01   8.8012988e-02
  -6.3055952e-01   6.9075222e-01
   4.4615077e-01   2.1084895e+00
   1.1292734e+00   3.8373625e-01
  -1.6908629e+00  -1.3253717e+00
  -1.2553731e+00   1.8940648e-01
   1.0703572e+00   1.1347920e+00
   1.7736632e+00   5.4744520e-02
  -6.0848398e-01  -8.1117452e-01
  -7.3008344e-01   7.4195145e-02
   9.2350275e-02  -2.0833192e+00
  -9.1339347e-01   2.7828463e-01
  -1.0679845e+00   2.0265957e+00
  -6.2484642e-01  -1.2550566e+00
  -3.0763202e-01  -3.4687239e-01
   2.2398031e+00  -3.8930265e-02
   3.0357995e-01  -4.6410537e-01
  -6.7028831e-02  -1.1644347e+00
  -1.0436171e+00  -1.5255534e+00
  -7.2222009e-01   4.1055444e-01
  -2.2718869e+00  -5.0882874e-01
  -5.3357110e-01   1.7909934e+00
  -6.0605302e-01  -3.7519214e-02
   2.3790542e+00  -3.0426416e-01
   2.2508194e-01   7.0023891e-01
   6.9748836e-01   9.5466799e-01
   2.2885603e+00  -1.1364996e+00
  -8.7584785e-01   1.3905440e-01
  -4.2304232e-01  -3.2231642e-01
   1.2744322e+00  -3.9368650e-01
   4.5141275e-01   4.3677003e-01
  -9.4261820e-01  -6.0241024e-01
   3.8934545e-03  -1.3505518e+00
  -2.6021714e-01  -1.3135802e-01
  -3.2312674e-01   9.9965863e-01
   8.8766860e-01  -5.1474096e-01
  -1.3568176e+00  -3.2594006e-01
  -5.9314352e-01  -6.3814336e-01
   2.0539665e+00   1.5349559e-01
   1.1794327e+00   1.7824570e+00
   3.8582900e-01  -5.5562231e-01
  -4.3139774e-02   2.9792852e-02
  -1.6763303e+00  -1.4925735e+00
  -2.0805162e+00  -4.0471897e-01
   2.4626396e-01  -7.9621125e-01
   5.8512686e-01  -1.2532935e+00
  -1.8055031e-01   7.1931041e-02
  -3.5663159e-01  -3.2850078e-01
  -5.5513779e-02   2.4929827e-01
  -9.6623991e-01  -1.0543822e+00
  -2.3135303e+00   4.3538760e-02
  -1.1076435e+00  -1.1870653e+00
   5.9308164e-01  -1.2671663e+00
   7.0768306e-01  -1.3476711e+00
  -6.9396050e-01  -9.1619723e-01
   9.6337573e-01   2.5812017e+00
  -1.2374457e+00  -1.3040561e+00
   2.3872764e-01   7.0150355e-01
  -6.7213751e-01  -6.7598565e-01
  -1.0626980e+00   3.6731091e-01
  -1.2774059e+00   5.2425022e-01
  -2.7357490e-01  -3.0987143e+00
   1.6606889e-01   8.8552363e-03
   5.6414725e-01   5.9272596e-01
   7.9558041e-01  -1.7835116e+00
   5.5880884e-01  -9.2959918e-01
   4.8645362e-01   3.4137650e-01
   2.3202207e+00   1.2108440e+00
  -1.9294389e-01   5.1116155e-01
   7.2391051e-01   2.1790727e-01
  -4.5887042e-01   1.3281395e-01
  -1.9774632e-01  -8.2231854e-02
   5.4014708e-01  -1.8270097e+00
  -1.1649505e+00  -1.4979131e+00
  -8.2130264e-01   1.2639736e+00
   2.8844886e-01   9.2827549e-01
  -4.3051873e-01  -5.2709172e-02
   4.5129229e-01   7.3048057e-01
  -4.9107869e-01  -1.0843572e+00
   8.1771458e-01   6.7601774e-01
  -2.8613949e-01   2.3726078e-01
  -3.0373805e-01   1.8804668e+00
  -6.8716622e-01  -1.3378392e+00
  -3.4390896e-01  -5.7460905e-01
   9.1290604e-02   4.0105667e-01
  -7.1269145e-01  -7.8375322e-01
  -6.3988784e-01   1.6056134e-01
  -1.4870889e+00  -1.0907615e+00
  -3.8633865e-01   2.3698399e+00
  -7.8147925e-02  -7.7233271e-01
   5.1589788e-01   9.1773073e-01
   2.2483486e-01  -7.1234898e-01
  -1.0782060e-01  -2.1005813e-01
   1.2782696e-01   2.7869055e+00
  -2.1953381e+00  -3.2630752e-01
   4.6579338e-01   2.7874276e+00
   1.5293182e+00  -9.8829028e-01
   1.1130377e-01   1.2019767e+00
  -8.0174140e-01  -8.9857209e-01
   5.8603915e-01  -1.1140993e+00
  -2.5137930e-01   2.2161901e+00
  -5.4178191e-02  -5.6481742e-01
   9.6369061e-01  -6.0825921e-01
  -1.4061827e+00   9.8687798e-01
  -1.4239323e+00  -1.4465378e+00
   9.0362369e-01   2.4306459e+00
   2.5008617e-01  -3.8417250e-01
  -1.3132508e+00   1.0655478e+00
  -2.0205786e-01   7.7159943e-01
   1.5469920e-01   4.0913376e-01
  -9.1758989e-01  -6.2134032e-01
   8.8630094e-01   1.7714824e+00
  -1.4132152e-01   5.3450708e-01
  -8.1136484e-01  -4.9398047e-01
  -8.4048601e-01  -3.3222156e-01
  -2.1195803e+00   1.8585646e+00
   1.1975162e+00   9.5192753e-01
   1.1655117e+00   9.8769161e-01
  -6.4180109e-01  -9.2957967e-01
  -1.7047952e-01   7.7171778e-01
  -1.0695619e+00   1.4939819e+00
   1.4414413e+00  -1.8862651e-01
  -3.1704570e-01   3.2153488e-02
  -2.2134009e-01  -2.8306114e-01
  -1.8783866e+00   1.0169190e+00
   4.0599019e-01   7.4609165e-01
   1.1948470e+00   3.8931868e-01
  -1.3527626e+00  -6.0798485e-01
   2.7074089e-02  -1.2976567e-01
   6.0632125e-01   6.9489980e-01
   2.7219487e-01   1.8232880e+00
  -2.0608710e-02   1.6945827e-01
   1.7211818e+00  -1.1331269e+00
   8.0682090e-01  -1.2149570e+00
  -1.0570632e+00  -5.5373772e-01
  -1.1409790e+00  -1.0039501e-01
  -9.4346243e-01  -5.9301689e-01
  -8.2899156e-02  -1.7539888e+00
  -1.1511731e+00   1.0535555e-01
  -8.6725018e-01  -1.8641774e+00
   6.5515285e-01   7.2500571e-01
   7.6057588e-01   1.9083617e+00
  -1.0730473e+00  -1.4170270e-01
   7.2938901e-01  -3.0807119e-01
  -5.6900140e-01  -3.2507604e-01
  -2.3962014e+00   8.2483725e-01
   8.0776294e-01  -1.5201260e+00
  -1.2436072e+00   9.9773765e-01
   2.6957321e-01  -7.4651500e-01
  -1.1226306e+00   1.1464539e+00
   5.3553849e-01   1.6920229e+00
  -6.4681519e-01  -1.5630012e+00
   2.9411227e-01  -9.9955543e-02
   4.7912544e-01   1.0558809e+00
  -6.4544503e-01  -4.4786780e-01
  -1.0101976e-01  -9.7052036e-02
   1.9173796e-01   1.5131159e+00
  -1.1040867e+00  -3.4480452e-01
  -1.1215394e+00   4.8631505e-01
   3.7593602e-01  -1.6545509e+00
  -1.0743596e+00   1.1290208e+00
   6.6330457e-02   1.3121285e-01
   7.1460556e-01   1.1707596e+00
  -7.4915022e-01   3.7777881e-01
   1.6630017e-01  -1.8133320e+00
  -2.4974474e-02   8.5880362e-01
   1.0082878e-01  -3.3693486e-01
   8.8172958e-01  -1.1432589e-01
   9.1315116e-01   1.1647096e+00
  -4.9731360e-01  -1.2428599e-01
   1.0926036e+00  -1.9045772e-01
  -5.8977047e-03   3.0512513e-01
   1.8819169e-01   1.8039360e-01
   1.2379370e+00  -6.5813906e-01
  -6.7819010e-01  -1.3770323e-01
   3.3254171e-01  -1.2628703e-01
   8.0937939e-01  -1.8928387e-02
   1.0719478e+00  -6.3915199e-01
   3.9633169e-01   1.3222124e+00
  -1.7255062e+00   6.8255914e-01
  -8.8571726e-01   9.3084029e-02
  -2.4921298e-01  -6.1691641e-01
  -1.3570111e+00   1.8190883e-01
   7.2779891e-01   9.1457148e-01
  -6.2511628e-01   4.8842883e-01
   4.6317871e-01   2.8664575e-01
   6.2225103e-01  -6.2609640e-01
  -1.1820241e-01   1.1996386e+00
   9.2016333e-01   1.3002163e-01
  -3.0746999e-01   3.4574318e-01
   1.2566055e+00   4.6140345e-01
  -9.8459977e-01   1.4360919e-01
  -1.6221106e+00   1.2322400e-01
   9.4923035e-01  -4.6971599e-01
  -6.5614860e-02  -8.7960899e-01
   1.0469481e+00   7.8871855e-01
   1.7193866e+00  -8.3650614e-02
  -1.3488082e+00  -2.4286882e+00
  -9.5705528e-01  -1.9743019e+00
   1.3165746e+00   1.7675871e+00
  -1.6538302e+00   3.1114022e-01
  -1.6577083e+00   4.5965980e-01
  -9.8907749e-01   3.8679418e-01
  -2.1237706e+00   8.7303784e-02
  -8.7619224e-01   1.1385768e-01
   1.3485927e+00  -2.2127833e-01
   1.6839173e+00   9.7205838e-01
  -2.9963570e-02  -2.8194998e-01
   6.0748625e-01  -2.1960274e+00
   3.6772843e-01   1.8025451e+00
   1.1515128e-01  -3.2384104e-01
   5.3678457e-01  -5.1364444e-01
  -1.6097924e-01  -1.7974447e+00
  -6.3712404e-01  -3.3563790e-01
   8.8558820e-01   4.1874225e-01
   1.1316385e+00   3.7514115e-01
   1.5369834e+00  -8.4224907e-01
  -6.1425058e-01   1.6877153e+00
  -7.0503962e-01  -3.5143919e-01
  -4.9948810e-01   8.4719676e-01
   1.5751925e-01   1.1428737e+00
  -3.3250604e-01   3.1898456e-01
   4.5702029e-01  -3.2698372e-01
  -8.0813691e-01   3.0128540e-01
   6.5238585e-01   5.9102250e-02
   1.8023254e-01  -1.2780126e+00
   7.2637013e-01   5.2830007e-01
  -2.0521611e-01  -1.6437422e+00
  -4.8931510e-01   1.4223409e+00
   1.0654740e-01  -1.3063414e+00
   1.0158046e+00  -4.5783058e-01
   1.1116827e+00   3.3513599e-01
  -8.0276480e-01  -6.9036097e-01
   8.9133884e-01   2.8649445e-01
  -2.5009298e+00  -7.9729193e-01
   1.2250749e-01  -4.6572433e-01
  -7.5372503e-01  -6.5084326e-01
  -3.7868011e-01   7.6698150e-01
   3.1930983e-01   8.8450523e-01
  -4.3304740e-01  -2.6040541e-01
   8.0106908e-02   1.2874758e-01
  -2.8699611e-01   8.3857343e-01
   3.8759350e-01  -4.9135805e-01
   3.4322757e-01   1.7511053e+00
   4.9207616e-01  -6.2558689e-01
   1.3489968e+00  -1.3435146e+00
   1.9255901e+00  -4.5742154e-01
  -1.1437241e-02  -8.7420829e-01
   4.2656984e-02   5.0665667e-01
   8.2368608e-01  -2.3043279e-01
   1.0469122e+00   9.0166163e-01
  -4.2555889e-01  -2.7928964e-01
   1.0208131e+00  -1.3597217e+00
  -1.4991781e+00  -1.5136791e+00
  -6.6321703e-01   5.2520574e-01
  -1.3789031e+00   1.4247466e+00
   8.9519663e-01  -1.6709397e+00
  -6.0608725e-01   1.0247345e-01
   1.3267331e+00   2.0036296e+00
  -1.2508100e+00   9.3618696e-02
  -6.5434133e-01  -2.0939045e-01
  -6.0008177e-01   3.2618390e-01
  -1.2550859e-01  -9.1491445e-01
   3.9022836e-01   8.7976323e-01
   2.8967138e-01   1.9878586e-01
   4.4103319e-01   4.0991085e-01
  -1.6239739e-01   3.5754702e-02
  -9.5523604e-02   5.6503478e-02
  -1.5113599e+00   1.5447819e+00
   1.0599979e+00   8.1043367e-01
   6.0495355e-01   4.7188928e-01
   3.0922428e-01   1.2255333e+00
  -1.5388560e+00   1.3645733e+00
  -2.6974423e-01  -6.1037330e-01
   1.9739985e-01   1.1953827e-02
  -1.4798778e-01  -6.5976331e-01
  -8.3006121e-01  -6.3134163e-01
   1.0857929e+00  -1.0210690e+00
   2.2733877e+00   6.7071272e-01
   9.6317325e-02   4.7582193e-01
  -7.2263918e-01   3.3133328e-01
   5.3646745e-01  -1.2308082e+00
  -1.3966117e+00   1.5214729e+00
   8.5079162e-02   1.1560011e+00
  -8.0118121e-01  -6.3231714e-01
   4.2422846e-01  -9.9345747e-01
   1.1962089e+00   1.5210995e+00
   9.3326753e-02   6.2694266e-01
  -1.4593837e-01  -4.8466413e-01
  -5.8534512e-01   1.0759325e+00
  -6.3471306e-01  -1.8706181e+00
   2.4127989e+00  -3.5807103e-01
  -7.7632299e-01   1.6688080e-01
  -6.0226085e-01   1.4222840e+00
   1.0178809e+00  -5.9256701e-01
   2.1440780e-01  -2.0240403e+00
  -2.4640172e-01  -1.3089858e-01
   1.3095686e+00  -7.0239213e-01
   1.5925004e-01  -3.4638473e-02
  -1.7805646e+00  -2.3491460e+00
   1.3945114e+00  -2.0106149e-01
  -4.0604287e-01  -3.0808252e-01
   1.1973499e+00  -1.4700422e+00
   1.2491724e+00   3.6867720e-01
   4.8284219e-01  -5.2221482e-01
  -7.1230968e-01   1.5949587e+00
   1.2496746e+00  -7.3441710e-01
  -1.0484062e-01  -1.0389744e+00
   9.2368500e-01  -8.6641525e-01
   3.3869784e-01   8.1723961e-01
   5.5107769e-01   2.1605190e+00
   3.7539173e-01   3.4253900e-01
   6.9842879e-01   9.8048495e-01
  -1.5328766e-01  -1.2685579e+00
  -8.4788241e-01  -7.0946090e-01
  -1.6121222e-01  -2.0108195e+00
  -9.5438151e-01  -1.1210724e+00
  -4.0038087e-01   1.0132155e+00
   3.4136745e-01  -1.1471981e+00
   7.9361223e-01   4.8636784e-01
   3.4813575e-01   1.3493813e+00
   3.0137177e-01  -9.1595443e-01
   3.0260211e-01  -4.1373321e-02
  -5.4402607e-01  -4.9331132e-01
  -8.3782833e-01   2.5711186e-01
  -2.6128007e-01   7.8142476e-01
   2.3842955e-01  -3.5695764e-01
  -2.7927508e-01  -5.5577519e-01
  -1.3610239e+00   1.5276516e+00
  -5.5039235e-01  -8.3081220e-01
  -1.7800792e-01   5.1456980e-01
   5.6020276e-01  -6.1107389e-01
  -1.2524132e+00  -8.2920298e-01
   1.6342851e-02   3.3836090e-01
   1.5574188e+00   2.2014784e-01
   8.4690305e-01   3.1877937e-01
  -5.2817077e-01  -3.3414578e-01
  -2.0182222e+00  -2.9520856e-01
  -9.6359164e-01   9.2273620e-01
   2.2770664e+00  -3.9482844e-01
  -1.4027139e-01  -4.6745622e-01
   5.4952175e-01  -1.0221892e-01
  -1.6976943e+00  -5.5359412e-01
   3.5822497e-01   1.7126775e-01
   1.4193503e+00  -8.3211050e-01
   2.3839838e-01  -1.7969172e+00
  -1.5755325e+00   5.1208390e-01
  -1.0941712e+00  -2.5046820e-01
  -1.6131246e+00   2.6569121e-01
   1.5895590e+00   1.4034306e+00
   1.2035720e+00   3.0241770e-01
  -1.0703846e+00  -2.2802663e-01
  -1.8559115e-01   8.9284081e-01
   2.0652766e+00  -2.0754088e+00
   8.8037940e-01   6.1312851e-01
   1.2448406e+00   3.1682420e-01
   1.0923555e+00  -6.0228147e-01
  -3.0072180e-01  -1.1418285e+00
   1.0516856e+00  -2.2452865e+00
  -7.6352835e-01  -2.7970947e-01
   2.0401904e+00   3.0854134e-01
  -1.0623133e+00   2.3275265e+00
  -2.6277409e-01  -4.0790927e-01
  -8.9376948e-01   3.5034316e-01
  -7.9440481e-01   1.6069286e+00
  -6.8115061e-01  -9.4659456e-01
  -8.2035696e-01   2.2965052e-02
   6.8111978e-01  -1.0033613e+00
   1.1469477e+00  -4.1298115e-01
   4.9378106e-01   4.8239513e-01
   1.1744357e+00  -6.0049744e-02
  -1.5372707e+00   3.8138022e-01
  -1.0238227e+00  -6.9821346e-01
  -1.2694460e+00  -1.3714911e+00
  -1.3533825e+00  -8.1873174e-01
   1.1063494e+00   1.1207877e+00
   1.3453710e+00   8.8516317e-01
   1.9906320e-01   1.7546250e-01
   1.4144382e+00   5.9181739e-01
   8.0134053e-01  -1.2294615e+00
   9.8350909e-01   3.2815185e-01
   2.4644272e+00   1.9269112e+00
  -4.3496265e-01  -8.2716462e-02
  -1.6726789e+00  -5.0988158e-01
  -2.6195859e-01   2.6652704e-01
   2.0067241e-01  -3.3468586e-02
  -2.1614496e-01   2.6804867e-01
   1.6364248e+00   1.4392392e+00
  -1.7528516e+00   3.0944616e+00
   1.9915778e+00   8.2969489e-01
   3.6398123e-01  -1.3471483e+00
  -9.8077832e-01   8.9190420e-01
   6.1235780e-01   1.5016147e+00
   5.3610779e-01   1.9217540e-01
   6.4277243e-01   9.1263964e-01
   1.2454841e+00  -7.6717671e-01
  -9.0718443e-01   1.6065190e+00
  -1.5422715e+00  -7.3519517e-01
  -1.6923198e+00   1.2116158e+00
  -3.2598881e-01   6.3942975e-01
  -4.2152982e-02  -1.5255263e-01
  -8.1201123e-01  -3.5639214e-01
   7.0501198e-01   1.9302661e+00
   6.7876443e-01   6.8468532e-01
   5.5817707e-01  -3.0422455e-01
   1.5197181e+00   1.5351966e+00
  -8.8829864e-01   1.8576117e+00
   7.1213103e-01   4.0505685e-01
   9.8299569e-01   7.1641572e-01
   3.1674639e-01  -1.3240226e+00
   1.1856648e+00   2.4069674e+00
  -1.5276018e-01  -4.4212530e-01
   9.5516311e-01  -6.3958748e-01
  -6.0680482e-01   1.7338291e+00
   7.7341142e-01  -1.2803003e+00
   5.2977914e-01  -3.1157174e-01
   1.7295245e+00   6.3912589e-01
  -1.2006522e+00  -3.6713445e-01
   8.5675932e-01  -6.5687151e-01
   1.8211322e+00   1.4685340e+00
  -9.4895723e-01   1.9426412e-01
   3.2883998e-01   8.2863405e-01
   7.8301443e-01   2.8366230e+00
  -7.7812759e-01  -8.3687857e-01
  -1.9883014e+00  -2.7942034e-01
  -4.7863465e-01  -1.8342642e-01
   1.8257636e-01   8.8760588e-01
   1.1163919e+00   6.4451902e-01
  -8.5547278e-01   1.5790623e-01
  -1.6678582e-01   2.6939115e-02
   1.0440792e+00  -1.9318927e+00
   3.9632965e-01  -4.1798309e-01
  -4.8992212e-01  -8.1824279e-01
   1.0675089e+00  -6.7659821e-01
  -4.0077703e-01   1.4547633e-01
  -1.2905729e+00   1.3744696e-01
   1.0786018e+00   1.2045980e-01
   6.7482698e-01   8.8634119e-01
  -1.4497631e+00   8.5861214e-01
   1.3087795e+00   7.6649523e-01
  -9.2202750e-01  -7.3836635e-01
   2.3808368e-01   2.5563250e+00
   6.7088879e-01  -1.2397948e+00
   1.5570847e+00  -6.4958349e-02
  -1.3038924e-01  -3.4360276e-01
   6.7573887e-01   9.3070631e-02
   1.4665969e+00   2.8268033e-01
  -5.2050455e-01   6.9123557e-01
  -1.1969129e+00   1.3527494e+00
   1.3410971e+00  -4.5071400e-01
   3.9325377e-01  -8.9324923e-01
  -4.0254534e-01   1.4555445e+00
   4.1537103e-02  -5.7480140e-01
  -7.0876638e-01   5.8272094e-01
   1.9172896e+00  -1.4351079e-01
  -9.8448640e-02  -1.8895226e-01
   9.5557291e-01   4.7193387e-01
  -8.3328506e-01   3.4403898e-01
  -5.2148453e-02   1.6284872e+00
  -2.5343242e-01   3.6402460e-01
   1.2233874e-01   9.6067914e-01
  -1.1357379e-01   3.0593544e-01
  -7.0777459e-01  -9.1849136e-01
   2.7428336e-01   7.1176724e-01
  -7.7051989e-02  -1.4406001e+00
   3.4776509e-01  -2.1347856e-01
  -1.7139257e+00   1.0921207e+00
  -1.4779077e-01   9.6013256e-01
   3.4283257e-01   1.4179789e+00
  -1.2508368e+00  -5.6105806e-01
  -5.2488427e-01   1.4679745e+00
   7.3550181e-01  -2.0006235e+00
  -1.1495608e+00   9.9589193e-01
   4.5285282e-01  -1.5545920e+00
   7.4768631e-01   9.8611728e-01
   2.0605675e+00  -5.4002949e-01
  -4.6302434e-01  -3.4176214e-01
  -8.0657148e-01  -1.9866073e+00
   4.2422253e-01  -2.6712424e-01
  -5.8821676e-01   1.4006785e+00
   3.4539099e-02   7.9238274e-01
  -1.0742287e+00  -6.0233108e-01
   9.8951313e-01  -2.2343014e+00
  -1.8603214e-01   1.8469129e-01
  -8.7255901e-01   1.3771432e+00
  -1.2447577e+00  -8.7408073e-01
  -2.2275772e+00   3.6984902e-01
   1.0565005e+00  -9.8298442e-02
  -9.6684951e-01  -1.2325389e+00
   1.5879622e+00  -1.1221029e-01
  -6.0950882e-01   1.3399366e+00
   4.2448416e-01   3.6419764e-01
  -6.7926356e-01  -1.6249247e+00
  -1.3653382e+00   1.9550471e+00
  -5.2420360e-01  -7.6480543e-01
  -1.0213380e+00  -3.7717879e-01
  -6.4240540e-01   9.7790691e-01
   4.1502855e-01  -2.9698751e-01
  -1.4863608e+00  -1.0180695e-01
  -1.1712042e+00   9.6365965e-01
   9.6790358e-01   1.7272060e+00
   3.4656183e-01   1.0110487e+00
   1.0052863e-01   1.7558634e+00
   2.0644587e-02   5.2077321e-01
   8.4300888e-01  -5.3487925e-01
   1.6670374e-01  -4.5420008e-01
   7.8920804e-01  -7.2244414e-01
   2.5731482e+00   1.4526681e+00
  -1.7877768e+00   2.0290682e-01
  -7.8882262e-01   1.6024062e+00
   1.3961360e+00   7.1664811e-01
   8.8207729e-02  -1.1151451e+00
   3.7076723e-01   1.9450438e+00
  -3.7401209e-01   2.1338894e-01
   2.3940854e-01  -1.0502675e+00
  -8.9062267e-01  -2.1884106e+00
  -7.6980167e-01   8.1960640e-01
   4.1698887e-02  -1.7174039e-01
  -5.2512578e-02   7.2100019e-01
  -4.9814432e-01   1.2563967e-01
   4.3033666e-01   1.0188041e+00
  -6.3375956e-02  -2.0382645e+00
  -1.9526794e+00   2.5758557e-01
  -1.4311491e+00  -4.3760217e-01
   1.1802493e+00  -1.6582924e+00
  -1.2542868e+00  -8.7611931e-02
  -2.5246893e+00  -7.3363044e-01
   1.4737372e+00  -1.7745213e+00
   9.3067128e-01  -8.4940170e-01
   1.6631541e-01   1.0693792e+00
   1.1852952e-01  -7.3044069e-01
  -4.1306277e-01   3.9398968e-02
   6.8871180e-01  -1.4088819e+00
   1.8562461e+00   1.3966250e+00
   6.2795973e-01   3.8489716e-01
  -4.1106495e-01   1.2335487e+00
   4.1248370e-01   3.0009627e-01
  -2.0041345e+00  -2.4192590e-01
  -5.3589146e-02  -6.0525443e-02
  -7.1907289e-01   1.3180461e-01
  -3.7983138e-02  -4.2472120e-01
   5.8409457e-01   1.9828097e+00
  -3.3576083e-01   1.3260445e+00
   6.1725131e-01  -2.4396140e-01
  -1.0676358e+00   1.4411342e+00
   3.3975053e-02  -3.1656390e-01
  -6.0668134e-02  -1.2417669e+00
   8.7677670e-02  -9.1057712e-01
  -1.6530000e+00   1.1343660e+00
   8.9518898e-01   1.1441273e+00
   2.2791326e-01  -6.5957546e-01
  -3.5042526e-01  -1.0793733e+00
  -1.5488819e+00  -4.1649430e-01
   2.2472111e-01  -3.5569814e-01
   9.3853865e-01  -3.2370415e-01
  -8.3265451e-01   1.3534263e+00
  -1.3804502e+00  -9.1149514e-01
  -1.7800065e+00  -6.1299772e-01
   1.3534361e+00   9.4826944e-01
  -1.2246261e+00   3.3446380e-01
  -1.1208253e-01   1.0742237e+00
   1.1199887e+00   8.8094640e-01
   2.3903967e-01  -7.0790300e-01
   6.2493635e-03   1.8328249e+00
   2.2319552e+00   2.2705371e+00
   8.0963707e-01  -2.0090908e-01
  -1.1221414e+00   1.2332960e+00
  -6.3311674e-01   3.3350467e-01
   2.7121274e-01   3.0787647e-02
   5.1862217e-01  -1.7690673e-01
   1.2620785e-01   1.5660886e+00
   4.2603677e-01   8.2267987e-01
   3.9722699e-01  -1.0158249e+00
   4.0612799e-01   7.7987826e-01
  -9.9006583e-01   1.5410910e+00
   4.9960762e-01   7.2637242e-01
  -1.2647549e+00   7.4181165e-01
  -5.0704421e-01   8.8949603e-01
  -1.3573729e+00  -1.6678775e+00
  -1.6125982e+00   9.8770430e-01
  -2.7324890e-01  -6.9402767e-01
  -9.9232909e-01  -5.2627742e-01
   9.0476732e-01  -8.3390085e-02
  -1.5684589e+00  -7.0253207e-01
  -2.0183462e+00  -1.5416860e-01
  -2.4450307e+00  -1.6966175e-01
   5.0288147e-01   1.1531693e+00
   8.6541338e-01  -1.2847984e+00
   4.7582282e-01   8.6415312e-01
   2.0623437e+00   3.6563839e-02
   1.5330384e+00  -9.8665993e-01
  -3.1176422e-01  -6.2458852e-01
   3.5706808e-01   1.2797524e+00
  -6.2593287e-01  -8.3421913e-01
  -1.0146951e-01  -2.9417473e-01
  -1.2352033e+00  -2.5133888e-01
   1.5177783e-01   6.0324419e-01
   3.9676589e-01  -7.9069721e-01
  -3.5678115e-01   1.5351433e+00
  -6.6847717e-01   1.2579970e-01
   1.1831284e+00  -8.0122063e-01
  -1.7429507e+00  -3.3305634e-01
  -9.7791679e-01  -6.3691253e-01
   3.8914424e-01  -1.5374844e+00
   1.5849444e+00  -1.3891697e+00
   9.1190091e-01  -1.0959264e+00
  -9.2628931e-01   1.6031632e+00
  -9.8903297e-01   7.3722279e-02
   1.3780569e+00  -1.2582351e+00
  -2.4198391e-01   1.6402019e+00
   2.4700759e-01  -4.7273310e-01
  -1.3224995e+00   4.9268402e-01
   7.9669603e-01  -6.1678825e-01
  -2.6925680e-01   5.9226417e-01
  -2.4833787e+00   6.7536052e-01
